rental
2150.0
3500.0
2480.0
7900.0
6100.0
2490.0
4500.0
8600.0
1890.0
2800.0
3500.0
3900.0
5800.0
4100.0
10800.0
2700.0
3700.0
1500.0
7583.0
11700.0
5500.0
8500.0
1000.0
3410.0
14877.0
1500.0
7900.0
3000.0
3870.0
2650.0
3400.0
5500.0
3000.0
6500.0
6750.0
2500.0
15000.0
3900.0
4800.0
2580.0
10000.0
5500.0
10800.0
6850.0
4950.0
3500.0
2100.0
2200.0
2300.0
4850.0
7000.0
4950.0
9900.0
5850.0
3800.0
1850.0
8479.0
3200.0
2000.0
1800.0
1650.0
7500.0
2400.0
4500.0
1410.0
3400.0
6500.0
2800.0
4800.0
6300.0
4100.0
2200.0
1900.0
3400.0
6700.0
3900.0
3000.0
3100.0
3000.0
6750.0
4500.0
14000.0
2750.0
16500.0
5500.0
2200.0
1900.0
4500.0
2100.0
11520.0
3000.0
3500.0
2800.0
8000.0
10500.0
3500.0
2000.0
12000.0
6000.0
1590.0
1400.0
3500.0
3000.0
2700.0
4800.0
2600.0
5800.0
16000.0
2000.0
11367.0
7000.0
3700.0
1850.0
3500.0
8852.0
12000.0
7000.0
10500.0
3000.0
3500.0
2800.0
10436.0
3000.0
5800.0
4303.0
4150.0
2500.0
3400.0
2300.0
6100.0
1800.0
1150.0
1200.0
16142.0
6000.0
7000.0
3000.0
1600.0
5300.0
3700.0
4000.0
6700.0
5500.0
11000.0
2550.0
6100.0
3700.0
3200.0
8500.0
2650.0
9500.0
6923.0
9080.0
2700.0
2950.0
5500.0
2800.0
10999.0
2500.0
9000.0
2400.0
1700.0
4200.0
9500.0
2210.0
6900.0
1500.0
6500.0
3600.0
3500.0
2960.0
2600.0
10460.0
3800.0
2100.0
6490.0
2500.0
4500.0
10000.0
2300.0
9000.0
6500.0
1800.0
2000.0
3000.0
4200.0
2700.0
2400.0
7659.0
5000.0
6000.0
2650.0
6000.0
3800.0
7000.0
2900.0
3800.0
5000.0
10557.0
1900.0
2000.0
9600.0
2800.0
4650.0
3700.0
3900.0
9900.0
4400.0
2266.0
1800.0
3900.0
6350.0
4400.0
4000.0
5100.0
4200.0
3700.0
4300.0
3300.0
3950.0
8800.0
9000.0
3800.0
2900.0
5000.0
15447.0
8250.0
3500.0
6500.0
1500.0
2900.0
5200.0
6500.0
4000.0
6500.0
13500.0
9000.0
6365.0
4800.0
11686.0
2600.0
4900.0
2300.0
7200.0
5200.0
3000.0
6200.0
7800.0
6500.0
2000.0
3000.0
4000.0
12500.0
4750.0
4500.0
5800.0
3500.0
2300.0
2100.0
9728.0
7999.0
5500.0
3300.0
3100.0
5800.0
8900.0
15000.0
10063.0
1360.0
17000.0
12500.0
2500.0
4400.0
3600.0
3900.0
3500.0
3200.0
3300.0
6263.0
3700.0
2900.0
2500.0
7500.0
14000.0
3250.0
1800.0
1800.0
6000.0
3500.0
4800.0
10000.0
1200.0
5500.0
1100.0
3000.0
5000.0
2800.0
2400.0
6900.0
8990.0
12000.0
2300.0
9800.0
1700.0
5400.0
9800.0
2390.0
1800.0
2990.0
2000.0
3500.0
9000.0
3500.0
8500.0
6490.0
4000.0
8000.0
5200.0
7750.0
3500.0
4950.0
7690.0
6500.0
12000.0
4100.0
4600.0
1450.0
2300.0
5200.0
1800.0
9900.0
3200.0
1700.0
4500.0
1983.0
2950.0
1700.0
1490.0
2900.0
5000.0
2100.0
4500.0
8900.0
2200.0
8800.0
2400.0
5000.0
3400.0
4000.0
5000.0
3500.0
6000.0
2650.0
1400.0
2800.0
2500.0
4800.0
3300.0
6200.0
3700.0
3840.0
2900.0
3900.0
4500.0
10000.0
5000.0
2800.0
7000.0
4500.0
3500.0
7000.0
4600.0
9800.0
4200.0
4246.0
3200.0
5500.0
9000.0
4900.0
4500.0
3500.0
5780.0
7000.0
10000.0
9500.0
1300.0
4000.0
7846.0
2300.0
2700.0
2250.0
10500.0
3000.0
4391.0
5200.0
2900.0
5000.0
15000.0
4500.0
3700.0
7600.0
5000.0
2900.0
3800.0
5500.0
5200.0
9000.0
3500.0
15000.0
10800.0
6600.0
6800.0
3000.0
5500.0
5000.0
1800.0
6000.0
9500.0
9100.0
4500.0
3600.0
3500.0
3500.0
3700.0
7700.0
3900.0
4690.0
7800.0
6500.0
7500.0
2950.0
2700.0
8500.0
4000.0
11000.0
6500.0
2300.0
3200.0
6900.0
2850.0
2700.0
5000.0
10800.0
1800.0
4000.0
2300.0
1700.0
3500.0
4800.0
3720.0
2500.0
1780.0
7615.0
10000.0
7700.0
1950.0
4900.0
7900.0
6500.0
8000.0
2000.0
1800.0
2980.0
10000.0
7720.0
3500.0
4600.0
6900.0
7800.0
4100.0
4000.0
4000.0
1300.0
4965.0
2300.0
6500.0
5780.0
1650.0
4500.0
3200.0
3800.0
5800.0
4400.0
3200.0
5600.0
7000.0
4800.0
3650.0
2000.0
7800.0
6500.0
3000.0
1950.0
3200.0
4800.0
3800.0
4962.0
5500.0
8500.0
8200.0
9500.0
3100.0
4500.0
15000.0
6900.0
7790.0
8800.0
3300.0
1900.0
4200.0
3750.0
2700.0
2200.0
9000.0
3950.0
3000.0
6263.0
5500.0
4100.0
2460.0
2500.0
8000.0
13000.0
10000.0
5450.0
3800.0
5700.0
1800.0
6500.0
8000.0
3900.0
4400.0
2200.0
1650.0
4300.0
4199.0
4500.0
7500.0
1600.0
5800.0
2100.0
3000.0
4800.0
3850.0
2000.0
6600.0
5500.0
11686.0
3800.0
4700.0
2800.0
2800.0
3700.0
6617.0
5200.0
1800.0
4500.0
5800.0
9950.0
3200.0
2800.0
2300.0
8000.0
6500.0
6600.0
2800.0
9000.0
2300.0
8000.0
7450.0
11000.0
3850.0
3600.0
6500.0
3650.0
4200.0
2300.0
6900.0
3000.0
4500.0
10000.0
4000.0
6500.0
6000.0
2490.0
3800.0
3500.0
8500.0
1700.0
6900.0
7900.0
5500.0
4600.0
2000.0
3880.0
4800.0
13000.0
3800.0
5000.0
4500.0
2400.0
14439.0
3500.0
4200.0
2800.0
3500.0
6200.0
3200.0
13500.0
3000.0
1450.0
5500.0
4900.0
5500.0
2800.0
12000.0
1500.0
2800.0
2200.0
4500.0
2800.0
2500.0
3800.0
9900.0
6923.0
3200.0
5290.0
4450.0
2750.0
2000.0
4100.0
11800.0
1800.0
3900.0
4300.0
8500.0
2200.0
5000.0
3400.0
11565.0
2200.0
6500.0
2100.0
1600.0
3000.0
8500.0
5500.0
3700.0
3500.0
3600.0
10063.0
3500.0
7200.0
2500.0
2500.0
6500.0
6000.0
4900.0
3000.0
9728.0
6900.0
3600.0
3000.0
5000.0
8500.0
3800.0
2500.0
2500.0
5108.0
4200.0
3000.0
4800.0
2500.0
4500.0
3500.0
11500.0
6900.0
4500.0
6000.0
4150.0
7000.0
3900.0
2500.0
6500.0
1790.0
3200.0
7719.0
3500.0
5000.0
3200.0
5000.0
1875.0
5500.0
4800.0
2500.0
4200.0
10500.0
9231.0
2300.0
3300.0
4000.0
3900.0
3200.0
8250.0
3300.0
3890.0
2800.0
3600.0
5500.0
3500.0
2700.0
6600.0
7000.0
5500.0
4750.0
2200.0
4500.0
3800.0
4450.0
1800.0
10000.0
2500.0
4500.0
2600.0
4250.0
5500.0
3900.0
4800.0
3650.0
3700.0
4200.0
2800.0
2300.0
1750.0
3500.0
3800.0
3600.0
4800.0
2800.0
2600.0
2300.0
9990.0
15000.0
4000.0
1650.0
3750.0
9950.0
3400.0
5500.0
1750.0
11435.0
3450.0
3300.0
11107.0
3700.0
7899.0
4150.0
3800.0
5000.0
4350.0
4900.0
5000.0
15500.0
2500.0
8000.0
4500.0
12000.0
3175.0
1800.0
3000.0
1600.0
4300.0
5200.0
5000.0
7500.0
5200.0
7750.0
4300.0
2000.0
5700.0
2400.0
4500.0
4500.0
5600.0
8863.0
4900.0
5100.0
1200.0
4200.0
5500.0
8000.0
8000.0
4500.0
4000.0
5700.0
4000.0
3000.0
3300.0
2700.0
6000.0
3600.0
2200.0
3500.0
4200.0
5000.0
1900.0
3700.0
9500.0
3000.0
3500.0
7500.0
4800.0
1500.0
8000.0
4150.0
7000.0
4800.0
5500.0
6900.0
5900.0
3500.0
3100.0
2600.0
7200.0
2700.0
2900.0
6800.0
6700.0
4900.0
3990.0
13500.0
4900.0
9000.0
3200.0
4200.0
3450.0
3750.0
3450.0
3500.0
2800.0
1600.0
2980.0
3550.0
3200.0
3200.0
3500.0
2700.0
4100.0
9031.0
1950.0
3200.0
6800.0
5500.0
11250.0
2390.0
7500.0
3500.0
9545.0
3500.0
4800.0
4600.0
3450.0
6500.0
2680.0
5000.0
7000.0
1990.0
3100.0
1650.0
7500.0
4800.0
6000.0
13500.0
2742.0
1850.0
5600.0
2098.0
3500.0
4500.0
1300.0
2700.0
4500.0
3000.0
9500.0
1790.0
6500.0
11100.0
5200.0
1950.0
2700.0
6000.0
10000.0
1800.0
3500.0
1800.0
3250.0
4700.0
10880.0
3748.0
7500.0
6500.0
8300.0
2600.0
7595.0
6000.0
10000.0
2650.0
3850.0
5500.0
15000.0
7000.0
6800.0
1100.0
9000.0
6000.0
16000.0
3800.0
6700.0
8800.0
2200.0
1700.0
6500.0
4900.0
1900.0
6500.0
5200.0
2699.0
6500.0
2900.0
3600.0
4200.0
1800.0
2200.0
3500.0
5780.0
3300.0
1500.0
4100.0
7269.0
3950.0
2100.0
2300.0
15000.0
9600.0
2800.0
7500.0
2100.0
12000.0
15700.0
11000.0
4500.0
5200.0
3870.0
6500.0
2500.0
3500.0
2399.0
2900.0
3648.0
5500.0
5500.0
5200.0
2200.0
5200.0
3000.0
3500.0
3750.0
3600.0
12000.0
5500.0
5780.0
15500.0
4900.0
3000.0
3500.0
2800.0
1950.0
5500.0
3700.0
11500.0
3500.0
2600.0
11000.0
3200.0
5500.0
2900.0
3500.0
6500.0
2500.0
5500.0
8900.0
1700.0
3800.0
1600.0
5000.0
9800.0
10436.0
2600.0
3500.0
6100.0
3500.0
2800.0
6500.0
12000.0
2950.0
3850.0
8000.0
2850.0
3250.0
3600.0
4200.0
4200.0
2200.0
5160.0
1800.0
2800.0
2500.0
2700.0
3400.0
3000.0
10500.0
2700.0
3600.0
8000.0
2750.0
5200.0
5500.0
3590.0
1200.0
11042.0
3900.0
15815.0
4350.0
2400.0
9000.0
5900.0
3750.0
4490.0
6500.0
2900.0
4800.0
3500.0
4000.0
6500.0
3800.0
3600.0
3900.0
5300.0
4200.0
16000.0
3100.0
4500.0
14000.0
1500.0
2600.0
6000.0
1750.0
1750.0
4800.0
2900.0
4500.0
7000.0
5000.0
6000.0
2700.0
5790.0
3250.0
3999.0
5100.0
2400.0
1550.0
3300.0
4900.0
2200.0
2450.0
1900.0
2800.0
3200.0
5500.0
3300.0
3000.0
8900.0
5500.0
1800.0
4800.0
5000.0
5500.0
2780.0
3450.0
6500.0
3700.0
2900.0
6000.0
11460.0
12000.0
6000.0
2900.0
6000.0
4800.0
6900.0
1760.0
2300.0
2500.0
2900.0
3600.0
6500.0
13000.0
8500.0
8900.0
6875.0
7500.0
5500.0
1300.0
4000.0
3800.0
8570.0
1990.0
9000.0
7500.0
4800.0
5390.0
3300.0
6000.0
6500.0
2750.0
9000.0
3100.0
4100.0
3500.0
5201.0
3500.0
1500.0
8000.0
5500.0
5450.0
5500.0
4000.0
8200.0
4950.0
6723.0
6000.0
3700.0
3400.0
2800.0
2500.0
3800.0
4500.0
3600.0
4600.0
5500.0
7500.0
8800.0
3500.0
5500.0
1160.0
1600.0
8990.0
2700.0
6500.0
8500.0
1680.0
4200.0
3517.0
2190.0
8000.0
2800.0
5498.0
4500.0
7600.0
1450.0
1900.0
6500.0
3150.0
6500.0
1695.0
2900.0
3050.0
7000.0
8000.0
6000.0
5200.0
2500.0
3700.0
3000.0
6800.0
7850.0
4900.0
7000.0
5300.0
1750.0
5300.0
4350.0
1800.0
5500.0
15500.0
5600.0
1335.0
3500.0
6000.0
3500.0
3000.0
8900.0
3100.0
1714.0
2490.0
2200.0
7500.0
2900.0
13950.0
2650.0
4000.0
1700.0
4241.0
2200.0
5000.0
3550.0
3200.0
7000.0
4500.0
4900.0
2500.0
2600.0
5800.0
6900.0
14877.0
3500.0
1800.0
7720.0
4000.0
1300.0
5500.0
2500.0
3280.0
2000.0
6600.0
3600.0
7000.0
15000.0
3700.0
3490.0
4990.0
2400.0
2000.0
5000.0
6726.0
2800.0
4190.0
3200.0
3500.0
4000.0
6800.0
9031.0
3400.0
4200.0
4850.0
7500.0
2500.0
3800.0
4750.0
12000.0
11700.0
1000.0
8250.0
3200.0
2549.0
8077.0
2700.0
5000.0
3500.0
8000.0
8800.0
1650.0
6000.0
2900.0
2000.0
4100.0
4000.0
2900.0
6600.0
5620.0
3400.0
3900.0
6500.0
4100.0
4750.0
2800.0
8500.0
2430.0
4200.0
4000.0
2499.0
6000.0
6500.0
3488.0
2900.0
5350.0
4300.0
6500.0
4200.0
3500.0
2200.0
5500.0
2800.0
5200.0
8900.0
2700.0
1500.0
9990.0
4550.0
5500.0
2600.0
7963.0
2990.0
2125.0
6300.0
1650.0
11250.0
3240.0
3720.0
2990.0
5200.0
3400.0
6500.0
11435.0
1850.0
6500.0
4500.0
8900.0
12500.0
3600.0
6300.0
5700.0
6000.0
2000.0
6723.0
3790.0
1850.0
9500.0
3600.0
10000.0
2400.0
4650.0
11200.0
3400.0
1600.0
2000.0
3190.0
6000.0
1600.0
3700.0
2499.0
3800.0
5500.0
5700.0
12000.0
16825.0
2700.0
7900.0
3500.0
5100.0
1800.0
5650.0
6000.0
1450.0
12800.0
6401.0
8500.0
2100.0
6000.0
2900.0
2600.0
4000.0
6000.0
4200.0
1898.0
8000.0
7750.0
2500.0
5500.0
5500.0
6600.0
15000.0
1600.0
6000.0
8950.0
4500.0
2970.0
4500.0
12000.0
3200.0
10700.0
3000.0
3700.0
6200.0
7731.0
5200.0
2990.0
2300.0
3200.0
9000.0
6900.0
6900.0
7000.0
4500.0
6560.0
3050.0
17000.0
2990.0
2200.0
4250.0
10500.0
12500.0
3800.0
4300.0
1150.0
5950.0
15370.0
4700.0
8990.0
2600.0
2700.0
15000.0
2950.0
4100.0
3800.0
15000.0
2500.0
3100.0
7700.0
4800.0
9000.0
17000.0
4700.0
8000.0
2800.0
12000.0
3200.0
5690.0
3000.0
2200.0
4900.0
6000.0
2200.0
6300.0
3500.0
9000.0
7500.0
3000.0
2700.0
7000.0
8121.0
4000.0
5800.0
3000.0
6500.0
2450.0
1600.0
6800.0
7836.0
3500.0
1850.0
3800.0
2100.0
9500.0
2500.0
8500.0
1600.0
5000.0
3650.0
2100.0
6500.0
2400.0
13000.0
6000.0
5800.0
4000.0
3600.0
6500.0
2960.0
8300.0
1600.0
7500.0
7659.0
4200.0
2800.0
6200.0
1800.0
4800.0
4750.0
13000.0
6700.0
1890.0
2270.0
6900.0
6700.0
3300.0
14800.0
4500.0
6500.0
8500.0
11500.0
8500.0
1700.0
11000.0
2400.0
3500.0
2000.0
3500.0
6923.0
4800.0
2200.0
2600.0
12500.0
10500.0
1988.0
10500.0
3500.0
4800.0
3500.0
6900.0
3900.0
6500.0
8000.0
3000.0
2000.0
2950.0
8000.0
15000.0
2500.0
9500.0
7500.0
3000.0
7500.0
2400.0
3650.0
4800.0
2000.0
2800.0
3400.0
3150.0
3600.0
3000.0
6400.0
5200.0
4800.0
2750.0
5500.0
2200.0
4890.0
3450.0
9500.0
2640.0
2000.0
5800.0
3200.0
6800.0
8500.0
2600.0
4200.0
13500.0
5290.0
3990.0
3500.0
2500.0
4415.0
2500.0
7900.0
2000.0
2300.0
5200.0
17214.0
5500.0
4500.0
4500.0
1800.0
3300.0
8077.0
7500.0
2600.0
2800.0
5500.0
7000.0
5800.0
4500.0
12800.0
3650.0
7500.0
5108.0
4500.0
2800.0
3200.0
6500.0
7850.0
2300.0
6800.0
8900.0
2400.0
7200.0
2950.0
9000.0
4200.0
7500.0
4700.0
3500.0
5600.0
5000.0
15815.0
3100.0
2000.0
3200.0
9500.0
1550.0
2500.0
6100.0
3800.0
5800.0
8590.0
3990.0
1500.0
3600.0
5500.0
6990.0
9420.0
7500.0
7000.0
2300.0
8800.0
2800.0
4585.0
5500.0
14683.0
3300.0
10000.0
2350.0
9400.0
3650.0
4500.0
2750.0
1850.0
3800.0
2300.0
2400.0
14439.0
4000.0
3400.0
3900.0
5500.0
2300.0
3800.0
2450.0
14800.0
6210.0
3950.0
2650.0
5500.0
6800.0
3000.0
1700.0
2000.0
4500.0
2200.0
3400.0
1800.0
6500.0
3700.0
3900.0
5100.0
2200.0
3900.0
1700.0
8077.0
6900.0
3300.0
15000.0
10000.0
7500.0
5000.0
2800.0
1650.0
8700.0
4000.0
4900.0
6600.0
7750.0
5600.0
3500.0
4200.0
5200.0
3000.0
4100.0
15000.0
4900.0
4816.0
5000.0
3000.0
9500.0
6500.0
7000.0
2490.0
2900.0
10436.0
2350.0
2500.0
14900.0
3500.0
8000.0
1831.0
6000.0
1800.0
6950.0
5500.0
5200.0
4700.0
3900.0
4000.0
2800.0
2100.0
4800.0
3350.0
2600.0
3400.0
7000.0
3500.0
1350.0
1600.0
4800.0
4700.0
4200.0
5500.0
4800.0
4391.0
2250.0
12000.0
6500.0
3600.0
6500.0
7700.0
11000.0
4759.0
1900.0
6000.0
8500.0
2600.0
7210.0
4000.0
5200.0
7450.0
4950.0
3500.0
3490.0
7500.0
2500.0
4980.0
3100.0
6100.0
1760.0
11000.0
3800.0
3600.0
8000.0
3300.0
4700.0
4700.0
8500.0
1350.0
4500.0
1700.0
5500.0
3622.0
8200.0
2200.0
3094.0
9900.0
1700.0
2500.0
2200.0
3700.0
14000.0
2700.0
7500.0
7750.0
4390.0
5500.0
14960.0
5500.0
4220.0
6000.0
6300.0
2660.0
3000.0
7000.0
3050.0
12000.0
3500.0
1280.0
4500.0
2100.0
7500.0
3600.0
1990.0
4800.0
5900.0
4500.0
2900.0
2600.0
6500.0
7500.0
2890.0
5700.0
5300.0
7731.0
5000.0
2300.0
2300.0
4700.0
4000.0
2100.0
9000.0
3300.0
3000.0
2850.0
4800.0
1699.0
2500.0
1500.0
4990.0
2198.0
4800.0
8900.0
6800.0
3500.0
9900.0
2500.0
1500.0
5700.0
13000.0
5600.0
6300.0
4700.0
5900.0
4600.0
3900.0
3800.0
4800.0
1100.0
6800.0
3200.0
4500.0
15000.0
8800.0
2700.0
1950.0
2700.0
2800.0
4700.0
2300.0
7000.0
9000.0
2950.0
3000.0
4700.0
3900.0
3950.0
5000.0
4000.0
8000.0
2500.0
7500.0
4200.0
1600.0
1250.0
1650.0
2500.0
5800.0
4000.0
7000.0
6500.0
6500.0
3600.0
8500.0
9000.0
3200.0
9000.0
9000.0
2800.0
5200.0
4500.0
3900.0
5000.0
2640.0
1250.0
5050.0
6875.0
15000.0
14800.0
3100.0
4400.0
2000.0
1798.0
1800.0
8500.0
7700.0
8500.0
6000.0
4300.0
3600.0
2100.0
6000.0
3000.0
5250.0
4800.0
1500.0
4800.0
6700.0
6900.0
3100.0
3850.0
3700.0
2000.0
1800.0
5190.0
6900.0
17500.0
11000.0
3500.0
3000.0
7000.0
6500.0
2100.0
4900.0
2950.0
4300.0
2300.0
3000.0
3300.0
3700.0
7900.0
5500.0
2700.0
1400.0
2460.0
8500.0
3000.0
5200.0
3800.0
4500.0
3230.0
12000.0
2300.0
5500.0
2100.0
5500.0
1325.0
4500.0
4800.0
5175.0
4000.0
2990.0
1500.0
5000.0
12000.0
3000.0
1800.0
6750.0
16000.0
10000.0
4000.0
4840.0
7000.0
2600.0
9500.0
2500.0
6500.0
12660.0
3300.0
5000.0
6617.0
3100.0
10130.0
3600.0
6000.0
3550.0
2790.0
2300.0
5500.0
5500.0
4200.0
2300.0
16000.0
4100.0
8000.0
7500.0
7000.0
3900.0
16001.000000000002
6800.0
3000.0
1150.0
10650.0
11000.0
6500.0
2800.0
5700.0
3600.0
2100.0
4800.0
3300.0
2300.0
4500.0
5650.0
10000.0
3850.0
3700.0
8000.0
7500.0
2500.0
10000.0
7800.0
15900.0
11000.0
6000.0
5200.0
2700.0
5500.0
4080.0
2500.0
5650.0
3800.0
1950.0
5200.0
2500.0
2800.0
6500.0
10500.0
4800.0
4000.0
2900.0
2750.0
2300.0
5900.0
2500.0
5800.0
1990.0
4200.0
4750.0
5000.0
6000.0
4300.0
5900.0
5000.0
3950.0
8300.0
10700.0
6500.0
6900.0
2500.0
3300.0
6000.0
8300.0
2100.0
10500.0
16817.0
2900.0
4900.0
7700.0
11565.0
4900.0
4800.0
6000.0
3650.0
5500.0
2555.0
2500.0
4700.0
11300.0
2500.0
3400.0
8500.0
4615.0
8500.0
4000.0
9900.0
10000.0
6400.0
8500.0
4500.0
4800.0
2100.0
4000.0
3500.0
5990.0
7731.0
1650.0
3500.0
3800.0
11000.0
8500.0
3900.0
3700.0
11000.0
5000.0
9100.0
3940.0
3000.0
7060.0
7000.0
5500.0
10000.0
5500.0
5000.0
5900.0
4500.0
2009.9999999999998
6500.0
3000.0
5900.0
15000.0
2100.0
2400.0
8900.0
1200.0
6000.0
5900.0
13300.0
1900.0
5000.0
7500.0
3500.0
2999.0
3950.0
6346.0
7659.0
11800.0
2100.0
5800.0
7500.0
6500.0
8950.0
3500.0
5500.0
5000.0
2600.0
5200.0
2000.0
2650.0
4500.0
5450.0
5200.0
2500.0
1450.0
5500.0
1800.0
4500.0
2700.0
6000.0
2400.0
5980.0
5500.0
6700.0
3500.0
2180.0
2029.9999999999998
8000.0
4200.0
4500.0
10800.0
2800.0
8852.0
3050.0
4500.0
15000.0
8900.0
4200.0
4300.0
3500.0
6900.0
3360.0
8900.0
3500.0
6500.0
4000.0
1800.0
1650.0
5000.0
2390.0
5700.0
3500.0
3150.0
5600.0
1800.0
8800.0
2900.0
5100.0
3950.0
4900.0
4700.0
2680.0
3000.0
7900.0
6720.0
3000.0
3200.0
3100.0
8000.0
8300.0
6500.0
2300.0
7500.0
5000.0
4500.0
3900.0
4700.0
3200.0
7650.0
4700.0
6000.0
4000.0
3700.0
3300.0
1100.0
5600.0
6900.0
5580.0
7000.0
7500.0
7500.0
10900.0
2450.0
1700.0
3300.0
2450.0
5500.0
11000.0
2100.0
2000.0
4500.0
5500.0
5000.0
3800.0
3150.0
9400.0
4700.0
2100.0
9500.0
2400.0
4500.0
8900.0
6500.0
6500.0
1300.0
4800.0
2700.0
1200.0
6616.0
4950.0
2700.0
6900.0
3000.0
12000.0
1200.0
3800.0
11700.0
5500.0
4150.0
9950.0
